653250560
31332303021021023323210333233211013
30
0120111220011211202012000202010212210021212002021000022022210
510
2022012121011102101200221220212102020212022010221221000001102
2021221012002112220221
30001123113332300220021121102202321233003220302223112001
114212402003413140320203122224414143200441200334341244
1153421245001212551310
536186
10211021222000202201012221202212120020212
87303825203
153141253103535
23240266414560355
210512424124312
2110101212021000110102011212210221121111211002010221
29038857708930747837100834501456203566676771916272765139959265
0220110333333032
011111100011001110100101001011
2221020201212221012222012100110001
042041340322411221403412033241240324013022431
2110020201201021001200112222220212222
0330132222031332040
32332434132301343104300321301
1100331203223131100302312000221101203110012200
04142522306564103513110244114654
042550543543104320253123051331223523245
2013131112030133323002212
4111154232104310
33848015413735856908936069789415666667140
7675312613110013427044837735881112535
2
030132322322021222011322322
670024372705214306152504032730126222416733137022
630454130404454
0001111101100001101000000100111111111001100101
5514067426663606774246742452315532672140
2223033444
212203030023132303032200320210211321
7474727147
101213
00210222002
122012220001
2340
000001001010100000010111011000011010111100100000100101100001
056215243603002236231521050321153661250060646053011441323530
22232131000030132302233102330
5
0445210002
23343302624124
101011110011011001100111001000111001
13153136211518863552205031366857023522704514
13
101100011000100011011101100101111001001001011010100001
5541115225535215233001343
240013313311112044344432014313230401400130030122412024
4844400511605255425347676006485700
54502071004310307003537350752030075707420107
22068503742058586
055218751171717654335588231656172517854575373404
84
005255412050522235105334522534505330253153521525
03144518882814756781607011602008616061860616
4874868260164385531073407
2304111402412444321032342211001321002444011
04214204333130
330233311222013233323
664521434312366403100322514360311101130656442251404222206
31434123155010203115254101302523045010040532
054041155105003530034501443402505543213514454535
241521026010556420216323223542
120842325756
13365234133451505432621533265416014314103235153
03101
24443001300342303014231113031021023300114433323323014323434
10220222001101012012220021011210120112100202121220100000001210
22235021401243443451105011035051421144043433
21012121033233332112310320102120311212210232123130101220300131
91838797114352915567902319878444358029498350435
7835236104584705
50654754666036203400663724324162210205141564162414723177670
77
2437075161654745024752330415
143104121010101524552103134124052
035196792756824630918768403796227307307
412
30022103000303311110
5324241252021141254355304
097745167839313963752071706717
67730
543044422013223123043500
0446526103120661653201001235531054205
3210335141301532120124151124521021014404303
02202101021022021022122212110021
0411012
7911403315830510251040648956222
603234100514551343652406415501303351045013126622
0420063565655042431100066514540261130235146325214043125013254
546446350250472
2320132031330302013211302103222
58160703727076663873115
22041040021232233341033302443312111431104132141121321224
182488162048594449945321743190738426
22432332143244430132304034444343033123343
0506256153063245030614601240155634050310565421611551613436
22926736052171153266815869466288168789790582
3333522053253122350155203312550504143224135045310324531154
14024105231150023040311152013004431420004510524015241345314
384047552628157478412801088783244333267534607444
0101130110211202101100
550624524353536326225655341525266356213503
2627067544452600140305730243237431355
30552164510621601413773164007513373464075
131717
211023
865062604773675130161010028235578276107433088055275618
0351
12121203130002002
20561049402664072668510021384350870535630299379393025118337467
06362233160262145241202063062601337572077
573038113510765177405225418138328000484434657303057
22522024616
220221112121201121101022102222021011112211012112010002021010
06512356273770153
121220200020
183138184058080007664432
1351773200501464074
886616712524927004908100173569506623675
262418453801643683638416206667585262188112175286511345875777
1233123134222331003104013
53
113437737430411675611633134545032233240712317
32323330020012221100010023022323002221333033020003323021320320
001000100001011001111100111101001000001100000110000
2429662256529574434921337330545128
01
0110220103201133222121222232001
8375914917625228615596268906406635418844
64741
302032537748538258544817386487868546102427862018568265721213
00111001101011100010
73466100152453004
72429201501400574775283597896090191601434796907554942
131132
3400240013451323453050244541
124143340201202101323
04453032315212152315053543535224305143544
1000111000101010011111100001110010000110111000101011111
7316
50353461510125643446155534122
372243058030654088481778090002045421684666288527692160760055
4396368411554292
310000131130202332033323122000221133111033220210
4242131115331410404
30121222323333303101310202103132103000112221123223311
3122103332203312220230221030132333301
607354767606041507136762706175160260166300653011325237
6305475814603342175
427250
0665372366472644145572537673127
544431851551657410364274441
0404411420134343440124120040312204123343013
47246
23586435332624851604735633325187043282636265543144
22022020012020000000002
24323241245231245515532012021053124521424312115531525025
55502352246400472222584463145183870733623
332311014134243342311231442043100
451150302331403341154003553033540033400540313250303155544500111
4204033230441420414401023113103113410
021023301302120120023121120123231012122020032210003312310
77227211400310136621656307515367172066215335671730247252423
100011000101011100010111101111001001011001000110110
000111111
28597937501984621390728092094206646136
01100101100011001101111110110110010100110110
0100
531205
52215003
0243022104201104244214211431200
322333
3363661110526605624
10210042212245305030
110101001110101010110010111100110010100001
2261362231121662563240352664413666146226
617273402062327211223332337200106074154226001151303161623266
066032715240754567234015730174126652342776754765343557574536
17323572172035077130137620704316447011045276212462
1333414320103303124400243240012421343
141292609895207409253582468
232200303011401240340330314342141043204321401242011122114
2210020212120000010101102020102211221010210112020211
101000100110011011111101101000100
10010012002121222120202021201
44514521414515224317033255015
112134352355406544154134233653550554046121341000010523001226
1100001101101
59431054608117445429079470564925512143
60541426123162405306606354246220045144241426244350
1101333213033100113003102011030123002001101
162004530115364706015562702107330166763513054
2417
3011303031
417524370726136461546305325672157323725267324020161
221
2453411334531513223422
00102133331230312111013313330330100302310231133122232
575687771274564147401485353410
104030442203230120201303110343202000243044041242402242201
785157437292252504088443352205043268815623891156818719920
2800460039854544809897098492080730250702790064151297063
2220010212022102122
13132321212
12120213321220112120311122022023131021021311213210121303
6766050773574102728750076865828447365671824234783584582
4204442
664844083764181501432626076105828167675573647317527152074501508
31244120336505241504564202332456605
4023055354211503241020513
21131303231033232133222120021022101121
2
0
11001001000101111101101100011101010001010010100010011000
011011111110101000101111000100001000000111001110110000111101011
20427183349633226522456238578110003796788715231664219
82826079418610789518416475793
3327441156
1210010111012102021122112011100
101031000032031202231223221232312
44148021655
0001010011101011110111110100101111100001100101001101100100100
663226521616441151622433252360221006046634302526
031322123201001300102203331310112201332321
24635500172
11031414134043421313311014203311143100143234423011034420322
8612858453577884350458024416565312416083605
72103706881388117735572552134708
22411111331100133414204000420
00223230332212011
000111100010
234533141335034315552322
5262714547325277371237003154410000206325304036701465351523500
4201014142322132424331011331233110040344424413212331410
04251506
715733275554330364764404065776023663577572610746371
11332020112030113232203023110001301131002100
0340234413420014302344232013
6151360615214034263502511232201340301644036246220653
2220112200102122221010
10212333311020022310012100123133323
53301305250003313312014051
00321510
623016124365134160401512055345130634444
2112230121302013220222
1402551042130303322434511555442013531445
1212133333201020312113102111130
2340
836085
6061
4430223446064230103013623344
0145424247454
5102125041253504040504004111554204231154051515510122512
111212010101211110012022
977289238
102022442214043341002332422314302024202020004
0022323230130013
30434
100100100100001101010110100000111100011
6521251334604621363654322631115314604030550031000626
06214
00231434222121044234402222134104302340042013144411124310403
2657670140141181548404358536376160832785243123840413801
2893111689861131196721558910448363311239306062643129322924906
662223641033535044624551606336405005311
4
9018575708652258560136
32023340040511455301433024425404350301215450402545153445340
3462166464555450733774353054576005146073115211646605
0210120121202022112000102110201221011100021
11
1100111000101001110001110010000000
7212460036300543472547
42450342418041123
10434234130442431222222323333101444
233125353135414530202121422025511112252142540351332225
037112969430179751582045905110797562296444
1013213120201
51214541142
466073027744261715323140237457125600411526502044525
05203222034340325345112531014414553
11312023123030231033322212132232213
2554001
331030021101201301232112001123303202
014120005433420303051011340442445
132850422243178218401862011586117
046022401453213557131462671233641472047710373727237053406
8651800174337765
121103200003010220211200130021111022320201100111320023333030
021331032331013231111
7740500425474223713140274073655553505542743536645471
620533550465031402526215626625513210166406141
84831076023635
21112111221210212121102
1573530358236075656716314
0110331133302022011110023330010131333120022121033103
34210120012344433304132442010321004413204343304420120240330433
535260067410275235002516266632276042042702503364072704
403404
1165402224256534624160241160
2010102020200112101121020022222110021111001001110101
0110011011010101100010001110010110101100101
22
344403402435212225422035
10101101011010
26526
00202
18580758555
4100211021043311102213344214411220311
044361675305170136420032713023524476
0320130220103003012021310131000033330201313210031
035
64799723786712977079631851482825193854265827684485
01000110000111001110011100
151621405351020605600446403036512522640043545
312618232358575744234349937189565622881983690100711
9389081750
365514774427313407521112025152052355756076
00101020102101101212111022112201000211010221100002210210100
50403341101242011540124313351401410250100042500142
0633054
11001010110100011010
2231322331031301211113322033322303113
45783783178032448728205828708881447465843811138
541442361552156604026605665640120232024223
11543104033243413040442324132432333125500324140222
0100111001
0544512130420
2200120212202212221212202012110112002
694143957705066619855134806
012102222101101120010122101010120122110010201022
0323322002131021323032220
234702043211427751631332
43313404302637714
2201001023313222030021131333001
04
40533545542360666673657743265146322
00011202100101011011001122200012122222002101111010111011222210
05315122431204525320220353522334504155355543530
112121020022212222020210112200202000201112110011200012002220110
365035662153006243301012464441246501
73215145355145413105577600624226177426761151
210200132111333322321
302001231230122220001010
629545
0343502336718077111314445846842425388615214824246301336334
2222203033212
63451034216
17307626443073338377505158577
3420130241444100110304
40354146535255056102220654432422605345262043264351
242311204004002434022142142
05505241145501311502344304232255241002223331133041513
62375832744
313210203032232230210302230333301012013210330031320331022
02440614341466301030400110526643
04241041400023
00010011
000100002200002101001000222202212010012021200022122210121021010
10003213013030202102212000301301331103202132010
3331202313310003201022013102133011000203302312011303
546111570102108510005018725028905213750722285697019
33233335521340153041001521531422200505225451
02023022421022423001044044443433200430132421431142032
111011010001000011011111111101
2255585513061560527373719742072572862867410987754148097324825
14332244004144032
25326232363400605100452211053326040035511512
520402544126564521052232032
0001011011101110101010100111101000001011011
2312132130112222222
116314252753303130674231216551253135377754255217132614
4424403232301310020040000320113012232134
558394718273724834
3322120404313120141300203
0011001100101010111010011011011100111110010011010
211012221211100201122
01667760720620310732527265734
100000110
2405442325
010000111100000000000
1102011202
2316674017013411370272231002
2320424140220313400441313321042401334410233312143141304200
524
04215525302011055353235255504002552
055
0010100101110101000111011000011000000000
06408663353803216387355857255173887707802744518318780341715
120002121121202200012020211112120111
01011000101001001
021110010
2216421510455440771364745771245543243
101211333202211333123310323120333223003322002121333313
2201000022000202010022120222210021220110122012212112
523140446501871596953962312803588463052966773870
81838679448067
85177368668145821702643
34004140330100
03331533373500447
310121320311032131122231001013011102333120011200023221
1221
00100
001011011010111100101010010010101
012311321232112313111
5515117342587881384
111011000100111101000001110011111000010010111001000111100100
201311011331
10120200102012010
5323388688630557935710622787
505173082123812488451000755
2021011322301101100310012323311100
00211020323200222130113331021201021100033
23531121314001125232011435320002443232343
0011420542504020331135212
527204306272245361027573
10110001110101001001001100001001101111011010100010
1132863022316331060413
7024533034012761763470354376673755715003330404424
120
60620566166335063261154605053611060260
52450521251130032533235
210212444133024322412042310022334420401342231402241204
000111110010110100
24504150321042304415424322401
341134032420303404112413311312031
562348274836238684
10022022121111022
2121020121012
43050341150241110126446515243543565522433556143044515343455
60216764705068262681043541170388432577416542175
022
40679
45462777372112556733
04253055522445660
10101010100011
24501645102352416
182806385177574966501747394049471964991
612883847805835
125317371340422731315604477021604411645274647663667660
10312214100231230114032241340113402
00100010001001000010110110000000111010111011111011
343210245105516534054264
50
1101011110
20321211331030113112230121230020
00202200222101120001122120001022111212201111100
6706127423445211123520536305742710534327375466306517716
102122212201100
410331101302221
2517
3563661142154252323220022101554341225154405610633621
54351354053532345330023322511111443513020
7466277632171401522464150047663464255205200477735674764420
3563164756060470450051021530624023701454310745700
5281302080248312173750118498393253301920609209379555041122
525550414311250525504043444235010434203430410224345014
004542355254222502212503241255142320523145302040023112000110152
0010011011011010101101100100110110100111010000010101100000
1343
13001522363432602461046533642230642635253623541164625222541
0100000100
10001
5625156450243020404452333333245532522301652454153460
3501061204663526663342014554256430350204303125035565142
9463319571433488691513835820354
4507606305
21201120012111102220220001
304204311773336540547507144220755325335144470510642132545716056
006110547452701654154702257006160772744766313103524717566750
00100110001011111000011100111110110110010110
110100001
10212032231313100111213122103
898349172896
31424212422040140443410042024
25613207
46617236767300532656572310362176216177
018047804161733827171507433475811408731660
101011
1001100011000
56623043461014114
466030065302454414040246434604462323614611200
32252150341
2142014232142221024042212431402343232334400112344322210
1210333022231333223202123
1310443213204200123014241422004310304421204411003141422144
100101111000111110010011001011000100100011110010101000
110100101010111001011011111101111000110001110110100110001
221210011211120102221201222122
4768904776694731342927120409635733974448762929121
2621550531365166615133046614326662130004344
43207883532173641831648637245053
6735435727302077516502401177371614240453031
22
0442212212214
331655633520413616043353313245
471344667566234767217026007520304523436672556
020
17701257550267113625333427163527674626654472156505133322767627
12300
1405105125088738477437618072804087520081424626080356
011010011101010
53606601141442604455035
9191270888163057635390911564416329839627366437188165302181
03312310101
021432054544415536324444110255521266014433623345
3434121412410023143041420310332101422120
1010100011100010
4
3130401302334021402234001414
10010000000000000
023131013
21300030031113301101
220202210020220102112221000001102122221
0002011012202
70174164466621663313225654262407630770610356564005
5537520467377224
4512215015251420222422341510453350043325
0010111101001001
135004200310145
6113661413273455
014336521433674111042245557374150601204522644453
10113301033313303213032221033313
126417200577561133524030123406750351131676
10744454616
21340400420022140434040110314010031244341
3403635254236046256545206601146551414031341136601
02237703930073975550859515529774417836387205579130761196565
3203041141340013130030431
01111101000100111010100110101
224376375037023351710533620155560327071272737025302745446350434
010222212202022121012022012222010221100010
110111011100000100100010
5122321311504501425435155144250100145505455045113523425
010
0211011
15212102602160365161533545340553452223560501064
2130210222300102012004102141044143340120
11
33221010100434430230202330202143204143221444
2454021055115300353104505504
766654135122256632021604163044415420341602540345604243
213053
2133087
10110001000000101100001011100111111
9447141067847971264059991886687
702794933681846697731275526342371889379
223210023322231120002120023322311133101123103
02020110010122212112210
0200610
225210333312013553252533120423452055051512150311
32420023201
1121201
947650451
547703
4651077565516710401364770435504115555057311
404044203421324552515555
4857758654660426338836855523
01111101101011100011001100011110
1588110446320137177718612853
43024204724432615753734556155617632626146355143731351524622
705314110
6
10000010111011010100001100
02023016105503135360360064626403132556323326146115255061
3420566224253232
1202215523250511430213215014323505234400110
81553630596948466967308126399298750594315978956648081846874622
5231052331014400130315211141144333441411225221
000010000110110011101100
232663462621266064646504
42050868416840808374741473806765821224404
4222304224413031452440023422221001304334155212305
0000001100001010100110010111010011
2544507412323222746337624511032
14413340343134044240120100340114341430301031442104224
11111
0544124204152413205343110345052423031053404441420415
0111001010111110011010001000111
50543321234214213504504
875318875077773010665010312
11300303203130121103200300020012032322132
0011010100000000101101111011100110100111
010000110110101101010011101110010001000110
2021324104433103443002311342444141
0120200001
412041021131050263417372285853376170054
43231433112311134231000124313321022104311002
1557230423
56077445422611512470517674476111711216522232051526260402054
1140411402130402043134201202424344203
1111101111100010100110110011010001001
331331003022013
0592553285827253036129735499725257807546
01100000101101001001110001010100011100011000011110101110000
21000300112121220012232003230322311
032003341420044411411311212322342303423
524125102
13302302011141140031104310113202042403144231221320413303321343
303
264639033716729362296041894939515929011512220571865
0120112112122002101200011201
225645357470775100176311
020101002112010012010021122102000000100200112102000200
230301322102221131110033101000101112110332331
0102102012101111122221002100001222111
71786756358068640
556346342226300701050
345235452305500221530521311
036152050153142223043355
014087671169177756863356731651665004881707072790997631
450036551534156462446344025155533311006113055
542135656034030464
0111111011110111011011101001100011100110001100110011
2554
21200020111210110111020022221000212212022211021
01110111001000111010110000010110111
010333332112231233
1002010031120203042120010103312440100401333433402
440012201121143214321021320343424012042003223422310234102234
75845435830219
33303110201120101132213202222323310300232012
615562026038074656038633235
12221000111122011111200110121010112020211120211001112022222020
02503660242456560242516101066631
981299248546602484533237241193859885473942812898715816175111304
12236321404052662605451401
538790391154850622472221349219686635617
10211222112022100001202021200110120110000112201210212001
023166344340151526116603004252635025343012626432333432100
11000000101010111
10001100100111011011101011000111001001100000000011001011
345341046134502030020532
54016033560143263130031103442443
86058358688643016354401806
01101010010011100111100001100000010001100101
42003154514152211055315440032102144332213305
716707361233182006656373218750177155831766381883563
1222210
06140361205550051325333461546
414553403055435541240512041405533144435130421154341525522
418507730745572125078186263060106377863864155061862
2473027
12002323212402424130300
223503264560
2501411433205344134430025523121024212504132103253505131223150
403223012110201103344234232311234032313221012232021110132131100
6165531102066400140604
2623378
324566516210405136062142561
63334527342574067423071144452020020470406011
523374244125365
060
212120012323301010212230
50030044054240344
0010000110010001001001110101011111010010001110011
11011
233232013300121103030311003300
1111010101001101111111011100011001001011010001001000100
604575444025775646755546107565
011001111111010110010110010
96746721026173460482302065644742332155018379977247375794
1
7446638374816574011017606441065062
5969999
0442020452234432045141465160450620510563141
3101230311310400032343311040433002204230302144120134110120
4223423421405152054401535110544554
101212220001021101
10100001111000110110110010110100010100111000001
43503202530220102421553234400543542223005455554525323002
152354002100344
306126714533
5077321752
44661411424577364
6662170725447200343233733264177016033263353503737225051
33323213000044
1101100010
310203340502330040325443401152555332
21233313133003011202121001302223000223003120100333031
132101012110312132001120212122221002030131
2402773377112675424116631346555510112565176003625723527
21122011201122110122202010111
22202102040200201024141020301311100231012303
5451684763535630212840681840434140
100010001111110
2620722432673302617234657140110
32230203
001010110001010101110
2643325042610002244
2201121211200010200110122110212
118862838688234316276163374536515666867170467771003
5534
637276
11111121122221001
111174432260
0401130330212340104443010123131
1110000010011101010001101000001101000101
1
02122000020
221102222202201100020121
21111001111112112001022222
0012201021212211021
12031023230332112
010001011000000010000101111110000
18993051507828664782
12112100022211011110
776355052483303878633
221202210112211002111021222
0446341606
101010110011111100110001000101110101111101010101101100010001
10535021250523554200443
899181293757859907340841504581847356839792452435082679527368
001100200232030
2739963742177234863
6565932195673497
2211202222221
11101021223
35
54
5636504131252063414012863824682063
55102552353015201332424
5
0202
33130311231311220220221312233331321303320301313012
20121211200002222111011201
01010100101001101011
0064888555386762245272630352772820214333578474
100100001011011101
2102202121102111022120
2121211021121121220220211222100220222100122211221
0110
00001100010101010001100101000101000010001111010011
4006646531360102540111650533045016056164314553464566541010
130870650482455112328364782763203326
132233323032202201321221313002102322201220212012101030212112103
04124334143322202423244124300413111204340134
01312210311233
886
22001222100220002010200022
413310011430012212142301433144340013
0446532121445535121410022613265640414445516106116
142002023112321214024042000022110112423222432241241211434240430
103301
52345881162527147882463871550666175153
144222323023302242132424401223421114223321
2200121111220022022120112201011100222112222201021011210001021
62070265441624110215353467251102611700755175675046475
21221012212112121101100022020010
1110130200102211212330102001100123203303032320102311132031031
1043351
40241533
30420121402001022001133340131433
661436563310431553506053660253214035333605564514303011604461206
11857
3365606220464124042256511252741351723672164410675073253
4
2
506201036352306017037340372230171321516377545311152672
13120031321221120220323203032331022333210132203223100
43234552352023125031515333001522235050420
22
02
0284755408287242803282047043365673561088
055221120534000466344343506243050136302362001035025523505231
340
223451125
4853
4512
41207081464817113471783335158674452202584606
59599419507928191941088060556
0002112
0535250235555005213305450135110425515132124102054
751826454277838496257291828424885496
896530853666
11200122110011011102212222020121002100222
6126211264532245035022256306341004224
220020021002021200202220101220102111002020222200210002100
0133321413034402201
211112012220212102012020020102022021110
1201120010202
1000001101111100000011001
303310124215145344545010541140251344251434032005415331032
0
33000312203011212021
442231144310663164440364411113346026042305303266056
2
0110111110101010011001011000010110110010110101010000001
11101010010
13310023110233030013220131031222012030120
751181318734170580848271238
33104441
3213201104
516560565664731236547750824862504258433120400153408754731007
400203353120055554150301555113142221454
77676046126202710
00107142326462534745070375632671246672212276
2013001122123221233232033312203312120333
34000054044220135355
66352165501005002415213423204603221416622322
2144103143423
0473077137671542234546046212617620525473753
0000010001101100010110000111010001110100111001
101110000101100010110111011111000011101000101110101100000
10425623
11223101303100110131032303333332132
354321123355
353301035000303143244330505135140425140505
11746436076
20000202002002120221221200200200
41766222537877602723074
52213745957013183722116198119
01101100101011010110001
301320202002222330201211011131230011302003012122120020
630203457634776272063145261031773546
10001100001010110111000100100100111101010001110010
453200111335
0563988291386570107020041207859070
20145033354501251051361263054242130512462413404033362
1100010
4342223615502126532403164213012535013154560120421264
00110001001
58563844872478017736463
12110301212202433324420223314030244024201224013422132214223323
434221304
011110011001100010000010110001011111000001111010011
011333014123041440104034
1599993421131488785682733927711
00222022112021201202210002021112001202110
2013002
4982141932308219877774297018234571574709953147418789930102641
451402424421510044501030354514043554
101
311303312030121003002231032303311023012
1111110111010110001000010000111000010000010001101111011000110
61457348255076160187844826401784825513
28851083
0112100010144022102314231343240412242344
6584758276
041302654566133035361465350202435
52445
24245135240514215204015120315434540533320520354
51101156411405041351031060621634613064352541034235551420424661
3032201223330113
02112022233321111
0011002002110101111102211000121112022211100021201
12441224432440132230343133421
1000001
1
01001010
04137140604644735233423666504477111257301027430667
70074444870685000948291
011
5145221551032251034030242132
312413311330410322204134432341220143120400300140224344034
30345344536161446101336616011052211162366344214
3615675
1010001000001101010011010010001110100110000000111011001100
0000001100000111011101110101000100010000101011
2031635311640
451583687914108140136576957366165234594187306993393801838079
2102
440672665341412677364757268140461323507540
000100011100100111110011111010011111011000110111011
12153554524634150164361126420345320326641640363330100236
4302143133113403314012432344023143043231410011333234
30212121222302
49645786440
101
0002111020200110
64466067440214253144615441667306633466123520061544675065
02231020320013
653575566336
325322311
32048081310718508533866827854543443788458673
2405213105272350328
24104441342041103333104133234313201142
202210020011112212010120111010200002
220103133121022131031120012230221032330332
835380369446541966197322189
801286418650335460285566517
3931166699655904788505186677446
42
10221330031122013110000332013123231212131113202000001
88644538308011160882859399916834
544413114211
575804163807356356702212752885485464074825576242077184820
110012011222112221010102211201002120020220
645420400236041474667754124701740327765437514
0011000000101110
981856303828949950128342997231056870872776027961
7746325266526526445715
0021121203
4103416205201001652420201650443
311445656
180772846357057917
100100
6836476394439501928134262773851689153898412505
01335143513532352
65216446325556
1120431010330
0110111011101100
881
320401314002330303124300121334130423333441
000420310200424
20012110111100202011120112
032030200
140000
020122111323252234
48
4314467551330373768644611276713440774850068866
4205543302552412304524311555242343225110402402354
32203113002220210111013111310111232113230210012
8271211972601910094662222826
22012202
11010101001110110101100101100
111101000101010
022031010302230232101222210
22027404858838473878724
3222003230223312012320012023231
133201544132
020935004331896136348428127263832833165540225064302311532189128
07772672671
0142216189500796761158798423949914
0132100000232020223320300131300231010011
012022221002212102021122110210010022221021120
743204220661356154374122604454472511175340562417146514303414
761547656751347162564576752421207043637667331233347130605221734
1111011111011101001
74
66411045345626661600510553240133041054361233562564305406056
261462647526810534
41140103302323122423022101042022002221
152022024353423520053045510343235505420435
63307600967750675143112174892
68201401417647224582627013577121348701136413486523361
3113210033100013112303130233230303
303134130231140223323033441443130343
6231030663661322374570
31333004111341334043432444
5887121420322575
4
2242
00000233001003103
1100111010010011111001110101011010101
303542121354211552023343235201255
111100101000111111010001001
612064352066466746215
11
100000111010101001010011000001000
1004653606441510757760314106031451774051022265604
45213605421425054102030002252055024626433225230446314
42032411331401410242032210020443043123103200433101111340044142
21156430355236600117161513175473532741213670364325
51161432012164511603235012100
7173410220788640025437362255516
22344245304
1100002121020011221020002110011202202101120220021121
10010011
5228002615216324755654065570487
8455590698376
3107735171706663462460504
676542
00101100110000001011001110
242211103542331312
110110101111111001011000000101
000331011323330020101211131032022121111031111
4400327190783733463811843561310640333468373822790083
122703252232214735124
1111200000202221000221212
62343353325304210431660032456362132136450400165
32032330320010210201313220010002001021300
0221211102120110221210012202010021201011112111220022102022112
6015625476407316673750507555662621246725367610513460235056410
525173376633237370040131561774513747660407504403764472616147
0103140623900405216041634348470550510749734728633796410004624
222022232221310302331023223101130
144544243334341024440052220343411403013222454225
0011110111011010100100100101000101011010101111111101
464165403415515333120452322001256011163500224515652422314
3
101111000011000
364231076010145132366031070
110100010100011000000110101011101000011110001010101011011100011
00000011110001000010000100101011111011
0110110010
7886004558536883331817443404643830554343752
23302254245
10111111110110000
00103301031003302223301012032120110
